SNP_ID	CHI_SQ_VAL
79696891	472.3071
12094678	288.4902
587620705	283.4838
6658405	268.2650
9424346	257.1786
2651888	257.3734
12739619	276.0721
10802184	286.7848
28533389	278.2559
6663881	265.1378
12407482	274.1429
10802183	293.4666
1385120	257.0917
1911546	264.0011
75573757	916.9788
72681195	577.9938
12084658	292.9289
11102800	299.1113
2782519	324.5601
393900	264.2370
201901838	794.1475
7555103	269.2719
74584797	640.8773
1531900	269.2913
7514738	257.0634
7516641	274.2332
571321628	277.8299
10737472	300.3050
6424069	256.3683
2817145	287.6688
34514248	273.0141
7522552	254.9945
878063	291.5516
6604598	255.2946
12023460	276.6199
1531902	267.7456
12026669	270.5314
376541274	274.6159
10924946	256.2273
1544450	281.3398
320057	262.2232
77642263	506.9182
6701599	268.8258
1506777	261.2248
2820486	900.8015
2379160	269.3975
12038616	254.9945
12134987	289.9798
6604447	285.1805
12072073	264.0420
80098397	970.0475
200463213	390.4674
10082089	251.0538
2202677	257.5635
763110	258.2665
3835158	256.7609
3789615	265.6512
7527515	257.0634
11121479	253.8906
4019311	264.4184
183803752	521.1984
10797401	286.7623
2665499	1073.8479
6429005	274.7231
149024466	1031.7571
2455116	274.6751
12087334	299.7105
2817144	249.7704
2377713	356.8879
10909901	265.9863
2651924	259.3383
12038695	256.1067
76205373	827.1174
2817159	297.0310
4915890	267.4244
57395109	268.9816
72682469	803.3181
78034893	532.0197
2089427	261.2942
664755	300.9213
201392883	1066.3735
79705904	888.9028
11164273	283.1417
6428891	282.6174
12117103	270.8835
5017562	791.2854
6668379	253.4507
865907	275.6883
200750143	756.0609
200375106	748.0789
778406	251.5014
5778813	572.4509
2031402	257.0634
2797756	277.8299
3077277	712.5121
2518570	273.9751
28678251	1020.8473
76102765	915.1537
7539836	281.0847
61762176	262.5297
